            Open  High   Low  Close  Adj Close    Volume  Dividends  Stock Splits
Date                                                                             
2018-07-24  2.45  2.46  2.41   2.41       2.41  15575900        0.0           1.0
2018-07-25  2.42  2.42  2.36   2.41       2.41  14034600        0.0           1.0
2018-07-26  2.40  2.48  2.39   2.43       2.43   9910500        0.0           1.0
2018-07-27  2.43  2.47  2.31   2.39       2.39  18320200        0.0           1.0
2018-07-30  2.39  2.47  2.38   2.46       2.46  10140100        0.0           1.0
2018-07-31  2.45  2.47  2.43   2.45       2.45   6383200        0.0           1.0
2018-08-01  2.45  2.46  2.41   2.44       2.44   4793000        0.0           1.0
2018-08-02  2.44  2.45  2.34   2.37       2.37  11625200        0.0           1.0
2018-08-03  2.37  2.41  2.34   2.38       2.38   8770500        0.0           1.0
2018-08-06  2.39  2.39  2.31   2.36       2.36  10451700        0.0           1.0
2018-08-07  2.36  2.45  2.33   2.40       2.40  15575900        0.0           1.0
2018-08-08  2.39  2.42  2.34   2.38       2.38  10764300        0.0           1.0
2018-08-09  2.39  2.46  2.36   2.43       2.43  12716500        0.0           1.0
2018-08-10  2.43  2.47  2.38   2.42       2.42   9403300        0.0           1.0
2018-08-13  2.45  2.52  2.41   2.46       2.46  12265700        0.0           1.0
2018-08-14  2.49  2.65  2.47   2.64       2.64  17980400        0.0           1.0
2018-08-15  2.56  2.58  2.35   2.41       2.41  29246200        0.0           1.0
2018-08-16  1.95  1.96  1.75   1.76       1.76  83770600        0.0           1.0
2018-08-17  1.71  1.82  1.60   1.79       1.79  46450000        0.0           1.0
2018-08-20  1.72  1.75  1.61   1.67       1.67  18382900        0.0           1.0
2018-08-21  1.67  1.75  1.65   1.74       1.74  12512900        0.0           1.0
2018-08-22  1.74  1.84  1.69   1.79       1.79  18230500        0.0           1.0
2018-08-23  1.80  1.80  1.77   1.78       1.78   9523700        0.0           1.0
2018-08-24  1.78  1.84  1.77   1.83       1.83  10368100        0.0           1.0
2018-08-27  1.84  1.87  1.71   1.72       1.72  16082700        0.0           1.0
2018-08-28  1.75  1.81  1.72   1.77       1.77  11902300        0.0           1.0
2018-08-29  1.80  1.80  1.71   1.73       1.73  10540900        0.0           1.0
2018-08-30  1.72  1.77  1.71   1.74       1.74   9568000        0.0           1.0
2018-08-31  1.73  1.79  1.73   1.77       1.77   6401400        0.0           1.0
2018-09-04  1.76  1.77  1.73   1.76       1.76   6777300        0.0           1.0
2018-09-05  1.76  1.77  1.70   1.74       1.74  12247000        0.0           1.0
2018-09-06  1.76  1.76  1.71   1.71       1.71   8611000        0.0           1.0
2018-09-07  1.71  1.77  1.71   1.76       1.76   8689600        0.0           1.0
2018-09-10  1.77  1.77  1.73   1.76       1.76   7617100        0.0           1.0
2018-09-11  1.76  1.85  1.73   1.84       1.84  11031300        0.0           1.0
2018-09-12  1.82  1.85  1.79   1.83       1.83  10084400        0.0           1.0
2018-09-13  1.85  1.86  1.79   1.85       1.85  11903700        0.0           1.0
2018-09-14  1.83  1.89  1.81   1.89       1.89   9934400        0.0           1.0
2018-09-17  1.85  1.95  1.83   1.90       1.90  10189800        0.0           1.0
2018-09-18  1.90  1.93  1.86   1.87       1.87   7585400        0.0           1.0
2018-09-19  1.87  2.01  1.85   2.00       2.00  17013300        0.0           1.0
2018-09-20  2.01  2.02  1.93   2.00       2.00   9637800        0.0           1.0
2018-09-21  1.99  2.05  1.96   2.02       2.02  20698800        0.0           1.0
2018-09-24  2.00  2.00  1.90   1.96       1.96  11550700        0.0           1.0
2018-09-25  1.94  1.99  1.88   1.91       1.91   8835900        0.0           1.0
2018-09-26  1.91  1.97  1.88   1.90       1.90   9053700        0.0           1.0
2018-09-27  1.92  1.92  1.72   1.73       1.73  14093400        0.0           1.0
2018-09-28  1.67  1.70  1.55   1.66       1.66  24361000        0.0           1.0
2018-10-01  1.67  1.71  1.67   1.70       1.70   6751800        0.0           1.0
2018-10-02  1.69  1.71  1.55   1.56       1.56  18260500        0.0           1.0
2018-10-03  1.68  1.78  1.57   1.62       1.62  27975000        0.0           1.0
2018-10-04  1.67  1.71  1.63   1.63       1.63  14583500        0.0           1.0
2018-10-05  1.64  1.66  1.58   1.62       1.62  15706600        0.0           1.0
2018-10-08  1.64  1.67  1.59   1.66       1.66   8720600        0.0           1.0
2018-10-09  1.66  1.70  1.63   1.67       1.67   7317000        0.0           1.0
2018-10-10  1.69  1.94  1.67   1.78       1.78  30101600        0.0           1.0
2018-10-11  1.79  1.96  1.79   1.81       1.81  20512700        0.0           1.0
2018-10-12  1.85  1.89  1.62   1.76       1.76  21926000        0.0           1.0