                  Open        High         Low       Close   Adj Close     Volume  Dividends  Stock Splits
Date                                                                                                      
2018-07-24  215.110001  216.199997  212.600006  214.669998  214.669998   28468700        0.0           1.0
2018-07-25  215.720001  218.619995  214.270004  217.500000  217.500000   58954200        0.0           1.0
2018-07-26  174.889999  180.130005  173.750000  176.259995  176.259995  169803700        0.0           1.0
2018-07-27  179.869995  179.929993  173.000000  174.889999  174.889999   60073700        0.0           1.0
2018-07-30  175.300003  175.300003  166.559998  171.059998  171.059998   65280800        0.0           1.0
2018-07-31  170.669998  174.240005  170.000000  172.580002  172.580002   40356500        0.0           1.0
2018-08-01  173.929993  175.080002  170.899994  171.649994  171.649994   34042100        0.0           1.0
2018-08-02  170.679993  176.789993  170.270004  176.369995  176.369995   32400000        0.0           1.0
2018-08-03  177.690002  178.850006  176.149994  177.779999  177.779999   24763400        0.0           1.0
2018-08-06  178.970001  185.789993  178.380005  185.690002  185.690002   49716200        0.0           1.0
2018-08-07  186.500000  188.300003  183.720001  183.809998  183.809998   33398600        0.0           1.0
2018-08-08  184.750000  186.850006  183.759995  185.179993  185.179993   22205200        0.0           1.0
2018-08-09  185.850006  186.570007  182.479996  183.089996  183.089996   19732100        0.0           1.0
2018-08-10  182.039993  182.100006  179.419998  180.259995  180.259995   21500400        0.0           1.0
2018-08-13  180.100006  182.610001  178.899994  180.050003  180.050003   17423300        0.0           1.0
2018-08-14  180.710007  181.990005  178.619995  181.110001  181.110001   19102000        0.0           1.0
2018-08-15  179.339996  180.869995  174.779999  179.529999  179.529999   33020200        0.0           1.0
2018-08-16  180.419998  180.500000  174.009995  174.699997  174.699997   31351800        0.0           1.0
2018-08-17  174.500000  176.220001  172.039993  173.800003  173.800003   24893200        0.0           1.0
2018-08-20  174.039993  174.570007  170.910004  172.500000  172.500000   21518000        0.0           1.0
2018-08-21  172.809998  174.169998  171.389999  172.619995  172.619995   19578500        0.0           1.0
2018-08-22  172.210007  174.240005  172.130005  173.639999  173.639999   16894100        0.0           1.0
2018-08-23  173.089996  175.550003  172.830002  172.899994  172.899994   18053600        0.0           1.0
2018-08-24  173.699997  174.820007  172.919998  174.649994  174.649994   14631600        0.0           1.0
2018-08-27  175.990005  178.669998  175.789993  177.460007  177.460007   17921900        0.0           1.0
2018-08-28  178.100006  178.240005  175.830002  176.259995  176.259995   15910700        0.0           1.0
2018-08-29  176.300003  176.789993  174.750000  175.899994  175.899994   18494100        0.0           1.0
2018-08-30  175.899994  179.789993  175.699997  177.639999  177.639999   24216500        0.0           1.0
2018-08-31  177.149994  177.619995  174.979996  175.729996  175.729996   18065200        0.0           1.0
2018-09-04  173.500000  173.889999  168.800003  171.160004  171.160004   29809000        0.0           1.0
2018-09-05  169.490005  171.130005  166.669998  167.179993  167.179993   31226700        0.0           1.0
2018-09-06  166.979996  166.979996  160.000000  162.529999  162.529999   41514800        0.0           1.0
2018-09-07  160.309998  164.630005  160.160004  163.039993  163.039993   24300600        0.0           1.0
2018-09-10  163.509995  165.009995  162.160004  164.179993  164.179993   20197700        0.0           1.0
2018-09-11  163.940002  167.190002  163.720001  165.940002  165.940002   20457100        0.0           1.0
2018-09-12  163.250000  164.490005  161.800003  162.000000  162.000000   24078100        0.0           1.0
2018-09-13  162.000000  163.320007  160.860001  161.360001  161.360001   25453800        0.0           1.0
2018-09-14  161.720001  162.839996  160.339996  162.320007  162.320007   21770400        0.0           1.0
2018-09-17  161.919998  162.059998  159.770004  160.580002  160.580002   21005300        0.0           1.0
2018-09-18  159.389999  161.759995  158.869995  160.300003  160.300003   22465200        0.0           1.0
2018-09-19  160.080002  163.440002  159.479996  163.059998  163.059998   19629000        0.0           1.0
2018-09-20  164.500000  166.449997  164.470001  166.020004  166.020004   18824200        0.0           1.0
2018-09-21  166.639999  167.250000  162.809998  162.929993  162.929993   45994800        0.0           1.0
2018-09-24  161.029999  165.699997  160.880005  165.410004  165.410004   19222800        0.0           1.0
2018-09-25  161.990005  165.589996  161.149994  164.910004  164.910004   27622800        0.0           1.0
2018-09-26  164.300003  169.300003  164.210007  166.949997  166.949997   25252200        0.0           1.0
2018-09-27  167.550003  171.770004  167.210007  168.839996  168.839996   27266900        0.0           1.0
2018-09-28  168.330002  168.789993  162.559998  164.460007  164.460007   34265600        0.0           1.0
2018-10-01  163.029999  165.880005  161.259995  162.440002  162.440002   26407700        0.0           1.0
2018-10-02  161.580002  162.279999  158.669998  159.330002  159.330002   36031000        0.0           1.0
2018-10-03  160.000000  163.660004  159.529999  162.429993  162.429993   23109500        0.0           1.0
2018-10-04  161.460007  161.460007  157.350006  158.850006  158.850006   25739600        0.0           1.0
2018-10-05  159.210007  160.899994  156.199997  157.330002  157.330002   25744000        0.0           1.0
2018-10-08  155.539993  158.339996  154.389999  157.250000  157.250000   24046000        0.0           1.0
2018-10-09  157.690002  160.589996  157.419998  157.899994  157.899994   18844400        0.0           1.0
2018-10-10  156.820007  157.690002  151.309998  151.380005  151.380005   30610000        0.0           1.0
2018-10-11  150.130005  154.809998  149.160004  153.350006  153.350006   35338900        0.0           1.0
2018-10-12  156.729996  156.889999  151.300003  153.740005  153.740005   25268800        0.0           1.0