                  Open        High         Low       Close   Adj Close    Volume  Dividends  Stock Splits
Date                                                                                                     
2018-07-24  366.940002  367.399994  354.559998  357.320007  357.320007  12851500        0.0           1.0
2018-07-25  357.570007  363.279999  355.649994  362.869995  362.869995   8467800        0.0           1.0
2018-07-26  358.190002  365.540009  356.630005  363.089996  363.089996   6993700        0.0           1.0
2018-07-27  366.850006  367.000000  351.649994  355.209991  355.209991   8949500        0.0           1.0
2018-07-30  351.929993  352.029999  334.019989  334.959991  334.959991  18260700        0.0           1.0
2018-07-31  331.510010  342.500000  328.000000  337.450012  337.450012  14085400        0.0           1.0
2018-08-01  335.869995  344.410004  334.019989  338.380005  338.380005   7790500        0.0           1.0
2018-08-02  337.230011  345.000000  334.709991  344.500000  344.500000   7131300        0.0           1.0
2018-08-03  347.750000  347.859985  338.480011  343.089996  343.089996   8848400        0.0           1.0
2018-08-06  342.869995  351.980011  341.739990  350.920013  350.920013   8198100        0.0           1.0
2018-08-07  353.230011  357.309998  349.010010  351.829987  351.829987   7970900        0.0           1.0
2018-08-08  352.209991  352.290009  346.609985  347.609985  347.609985   5394700        0.0           1.0
2018-08-09  347.959991  352.440002  345.820007  349.359985  349.359985   4814600        0.0           1.0
2018-08-10  346.910004  349.100006  344.420013  345.869995  345.869995   4328400        0.0           1.0
2018-08-13  339.890015  347.190002  339.070007  341.309998  341.309998   6888900        0.0           1.0
2018-08-14  342.089996  342.410004  336.250000  337.489990  337.489990   5805200        0.0           1.0
2018-08-15  334.029999  335.500000  321.000000  326.399994  326.399994  11784500        0.0           1.0
2018-08-16  329.899994  331.170013  321.209991  322.440002  322.440002   6689700        0.0           1.0
2018-08-17  319.010010  324.369995  312.959991  316.779999  316.779999  10407900        0.0           1.0
2018-08-20  314.640015  331.600006  310.929993  327.730011  327.730011  13591100        0.0           1.0
2018-08-21  331.000000  341.500000  329.700012  338.019989  338.019989  14783200        0.0           1.0
2018-08-22  338.489990  346.209991  337.410004  344.440002  344.440002   8930700        0.0           1.0
2018-08-23  348.109985  350.079987  337.649994  339.170013  339.170013  11336400        0.0           1.0
2018-08-24  346.000000  359.149994  344.540009  358.820007  358.820007  14729100        0.0           1.0
2018-08-27  367.149994  374.489990  360.000000  364.579987  364.579987  17427300        0.0           1.0
2018-08-28  367.230011  369.989990  360.380005  368.489990  368.489990   9222600        0.0           1.0
2018-08-29  367.200012  369.859985  362.910004  368.040009  368.040009   8118700        0.0           1.0
2018-08-30  365.000000  376.809998  363.540009  370.980011  370.980011  10981000        0.0           1.0
2018-08-31  370.660004  376.000000  367.079987  367.679993  367.679993   7943400        0.0           1.0
2018-09-04  366.470001  368.880005  361.260010  363.600006  363.600006   7605200        0.0           1.0
2018-09-05  360.000000  363.390015  335.829987  341.179993  341.179993  13092800        0.0           1.0
2018-09-06  347.440002  356.000000  341.989990  346.459991  346.459991  13050200        0.0           1.0
2018-09-07  342.200012  355.750000  341.250000  348.679993  348.679993   9105800        0.0           1.0
2018-09-10  352.269989  352.500000  343.079987  348.410004  348.410004   5752200        0.0           1.0
2018-09-11  344.670013  356.149994  343.899994  355.929993  355.929993   6198100        0.0           1.0
2018-09-12  359.079987  370.429993  356.239990  369.950012  369.950012  10480800        0.0           1.0
2018-09-13  371.910004  374.089996  366.839996  368.149994  368.149994   8366100        0.0           1.0
2018-09-14  368.549988  371.089996  363.459991  364.559998  364.559998   4756400        0.0           1.0
2018-09-17  364.220001  367.329987  349.570007  350.350006  350.350006   7071900        0.0           1.0
2018-09-18  353.670013  368.149994  351.559998  367.649994  367.649994  10414000        0.0           1.0
2018-09-19  373.950012  377.609985  359.170013  366.959991  366.959991  11876800        0.0           1.0
2018-09-20  370.260010  370.260010  363.170013  365.359985  365.359985   6768100        0.0           1.0
2018-09-21  366.589996  372.220001  360.739990  361.190002  361.190002  11930600        0.0           1.0
2018-09-24  359.000000  373.640015  354.329987  369.609985  369.609985   9322500        0.0           1.0
2018-09-25  370.230011  371.339996  364.489990  369.429993  369.429993   6799800        0.0           1.0
2018-09-26  373.589996  382.000000  370.880005  377.880005  377.880005  13799700        0.0           1.0
2018-09-27  379.869995  383.200012  376.000000  380.709991  380.709991   7326200        0.0           1.0
2018-09-28  379.239990  380.799988  373.730011  374.130005  374.130005   7114900        0.0           1.0
2018-10-01  375.850006  386.109985  375.589996  381.429993  381.429993   8376600        0.0           1.0
2018-10-02  384.380005  386.799988  373.829987  377.140015  377.140015   8638700        0.0           1.0
2018-10-03  378.529999  380.929993  374.880005  377.049988  377.049988   5798600        0.0           1.0
2018-10-04  375.880005  375.920013  360.399994  363.649994  363.649994   9074400        0.0           1.0
2018-10-05  359.769989  363.500000  343.000000  351.350006  351.350006  13523000        0.0           1.0
2018-10-08  345.179993  352.950012  338.109985  349.100006  349.100006  12375500        0.0           1.0
2018-10-09  348.480011  358.720001  347.089996  355.709991  355.709991   8755000        0.0           1.0
2018-10-10  353.519989  355.149994  325.390015  325.890015  325.890015  17183100        0.0           1.0
2018-10-11  324.940002  334.200012  315.809998  321.100006  321.100006  16082100        0.0           1.0
2018-10-12  339.570007  341.299988  328.899994  339.559998  339.559998  14852800        0.0           1.0