                  Open        High         Low       Close   Adj Close    Volume  Dividends  Stock Splits
Date                                                                                                     
2018-07-24  108.570000  108.820000  107.260002  107.660004  107.247284  26316600       0.00           1.0
2018-07-25  107.959999  111.150002  107.599998  110.830002  110.405128  30702100       0.00           1.0
2018-07-26  110.739998  111.000000  109.500000  109.620003  109.199768  31372100       0.00           1.0
2018-07-27  110.180000  110.180000  106.139999  107.680000  107.267204  37005300       0.00           1.0
2018-07-30  107.190002  107.529999  104.760002  105.370003  104.966064  34668300       0.00           1.0
2018-07-31  106.489998  106.720001  105.379997  106.080002  105.673340  27655200       0.00           1.0
2018-08-01  106.029999  106.449997  105.419998  106.279999  105.872574  23628700       0.00           1.0
2018-08-02  105.400002  108.089996  104.839996  107.570000  107.157623  26104300       0.00           1.0
2018-08-03  107.800003  108.050003  106.820000  108.040001  107.625824  18659600       0.00           1.0
2018-08-06  108.120003  108.419998  107.559998  108.129997  107.715477  20265900       0.00           1.0
2018-08-07  108.559998  109.099998  108.169998  108.879997  108.462601  16080200       0.00           1.0
2018-08-08  109.330002  109.750000  108.760002  109.489998  109.070267  15487500       0.00           1.0
2018-08-09  109.709999  110.160004  109.599998  109.669998  109.249573  13660400       0.00           1.0
2018-08-10  109.419998  109.690002  108.379997  109.000000  108.582146  18183700       0.00           1.0
2018-08-13  109.239998  109.580002  108.099998  108.209999  107.795174  18472500       0.00           1.0
2018-08-14  108.559998  109.750000  108.040001  109.559998  109.139999  16788300       0.00           1.0
2018-08-15  108.489998  108.989998  106.820000  107.660004  107.660004  29982800       0.42           1.0
2018-08-16  108.300003  108.860001  107.300003  107.639999  107.639999  21384300       0.00           1.0
2018-08-17  107.360001  107.900002  106.690002  107.580002  107.580002  18061500       0.00           1.0
2018-08-20  107.510002  107.900002  106.480003  106.870003  106.870003  17914200       0.00           1.0
2018-08-21  106.919998  107.349998  105.849998  105.980003  105.980003  22881900       0.00           1.0
2018-08-22  105.849998  107.339996  105.779999  107.059998  107.059998  18000600       0.00           1.0
2018-08-23  107.150002  108.180000  106.870003  107.559998  107.559998  18167700       0.00           1.0
2018-08-24  107.669998  108.559998  107.559998  108.400002  108.400002  17234000       0.00           1.0
2018-08-27  109.269997  109.639999  108.510002  109.599998  109.599998  19662300       0.00           1.0
2018-08-28  109.940002  110.500000  109.790001  110.260002  110.260002  19151500       0.00           1.0
2018-08-29  110.449997  112.029999  110.269997  112.019997  112.019997  20818000       0.00           1.0
2018-08-30  111.669998  112.610001  111.440002  111.949997  111.949997  22798700       0.00           1.0
2018-08-31  111.690002  112.779999  111.519997  112.330002  112.330002  23222700       0.00           1.0
2018-09-04  110.849998  111.959999  110.220001  111.709999  111.709999  22634600       0.00           1.0
2018-09-05  111.010002  111.419998  108.099998  108.489998  108.489998  32872400       0.00           1.0
2018-09-06  108.250000  108.989998  107.510002  108.739998  108.739998  23477600       0.00           1.0
2018-09-07  108.230003  108.720001  107.230003  108.209999  108.209999  22498600       0.00           1.0
2018-09-10  108.839996  109.639999  108.360001  109.379997  109.379997  20727900       0.00           1.0
2018-09-11  108.900002  111.589996  108.889999  111.239998  111.239998  24301800       0.00           1.0
2018-09-12  111.430000  111.849998  110.510002  111.709999  111.709999  18891100       0.00           1.0
2018-09-13  112.120003  113.730003  112.120003  112.910004  112.910004  26055600       0.00           1.0
2018-09-14  113.360001  113.730003  112.440002  113.370003  113.370003  19122300       0.00           1.0
2018-09-17  113.690002  113.699997  111.860001  112.139999  112.139999  20736500       0.00           1.0
2018-09-18  112.190002  113.699997  111.720001  113.209999  113.209999  22170900       0.00           1.0
2018-09-19  113.050003  113.320000  111.040001  111.699997  111.699997  21728400       0.00           1.0
2018-09-20  112.279999  113.800003  111.930000  113.570000  113.570000  23714500       0.00           1.0
2018-09-21  114.000000  115.290001  113.510002  114.260002  114.260002  71229700       0.00           1.0
2018-09-24  113.029999  114.900002  112.220001  114.669998  114.669998  27334500       0.00           1.0
2018-09-25  114.800003  115.099998  113.750000  114.449997  114.449997  22668000       0.00           1.0
2018-09-26  114.470001  115.059998  113.739998  113.980003  113.980003  19352000       0.00           1.0
2018-09-27  114.779999  114.910004  114.199997  114.410004  114.410004  19091300       0.00           1.0
2018-09-28  114.190002  114.570000  113.680000  114.370003  114.370003  21647800       0.00           1.0
2018-10-01  114.750000  115.680000  114.730003  115.610001  115.610001  18883100       0.00           1.0
2018-10-02  115.300003  115.839996  114.440002  115.150002  115.150002  20787200       0.00           1.0
2018-10-03  115.419998  116.180000  114.930000  115.169998  115.169998  16648000       0.00           1.0
2018-10-04  114.610001  114.760002  111.629997  112.790001  112.790001  34821700       0.00           1.0
2018-10-05  112.629997  113.169998  110.639999  112.129997  112.129997  29068900       0.00           1.0
2018-10-08  111.660004  112.029999  109.339996  110.849998  110.849998  29640600       0.00           1.0
2018-10-09  111.139999  113.080002  110.800003  112.260002  112.260002  26198600       0.00           1.0
2018-10-10  111.239998  111.500000  105.790001  106.160004  106.160004  61376300       0.00           1.0
2018-10-11  105.349998  108.930000  104.199997  105.910004  105.910004  63904300       0.00           1.0
2018-10-12  109.010002  111.239998  107.120003  109.570000  109.570000  47441400       0.00           1.0