                   Open         High          Low      ...         Volume  Dividends  Stock Splits
Date                                                   ...                                        
2018-07-24  1829.010010  1840.000000  1809.380005      ...        4278700        0.0           1.0
2018-07-25  1829.300049  1863.839966  1822.640015      ...        3738200        0.0           1.0
2018-07-26  1839.000000  1844.680054  1804.500000      ...        9924400        0.0           1.0
2018-07-27  1876.050049  1880.050049  1806.530029      ...        9681000        0.0           1.0
2018-07-30  1827.329956  1829.500000  1766.020020      ...        6562300        0.0           1.0
2018-07-31  1786.489990  1801.829956  1739.319946      ...        5738700        0.0           1.0
2018-08-01  1784.000000  1798.439941  1776.020020      ...        4153100        0.0           1.0
2018-08-02  1788.770020  1836.560059  1786.000000      ...        4354700        0.0           1.0
2018-08-03  1837.739990  1841.000000  1821.500000      ...        3460500        0.0           1.0
2018-08-06  1825.810059  1847.770020  1818.920044      ...        3391800        0.0           1.0
2018-08-07  1854.530029  1869.719971  1846.270020      ...        3377500        0.0           1.0
2018-08-08  1861.000000  1891.510010  1854.500000      ...        3963000        0.0           1.0
2018-08-09  1882.000000  1914.569946  1877.479980      ...        4849900        0.0           1.0
2018-08-10  1888.510010  1899.500000  1878.209961      ...        3639900        0.0           1.0
2018-08-13  1898.500000  1925.000000  1893.670044      ...        5512600        0.0           1.0
2018-08-14  1919.390015  1921.010010  1900.000000      ...        3986100        0.0           1.0
2018-08-15  1909.550049  1916.209961  1869.790039      ...        7700700        0.0           1.0
2018-08-16  1903.939941  1905.000000  1883.550049      ...        3957100        0.0           1.0
2018-08-17  1885.800049  1888.000000  1855.550049      ...        4104300        0.0           1.0
2018-08-20  1890.569946  1891.750000  1866.060059      ...        2862000        0.0           1.0
2018-08-21  1880.000000  1897.750000  1874.410034      ...        3105600        0.0           1.0
2018-08-22  1876.640015  1905.800049  1876.640015      ...        3080500        0.0           1.0
2018-08-23  1907.170044  1919.500000  1900.760010      ...        3563000        0.0           1.0
2018-08-24  1910.510010  1916.010010  1902.540039      ...        2800900        0.0           1.0
2018-08-27  1915.000000  1927.699951  1909.280029      ...        3569000        0.0           1.0
2018-08-28  1937.729980  1941.780029  1928.819946      ...        3100700        0.0           1.0
2018-08-29  1953.449951  1998.689941  1948.939941      ...        6531800        0.0           1.0
2018-08-30  1997.420044  2025.569946  1986.900024      ...        7277300        0.0           1.0
2018-08-31  2007.000000  2022.380005  2004.739990      ...        4204400        0.0           1.0
2018-09-04  2026.500000  2050.500000  2013.000000      ...        5721100        0.0           1.0
2018-09-05  2038.109985  2040.380005  1989.890015      ...        8220600        0.0           1.0
2018-09-06  2006.510010  2007.500000  1935.209961      ...        7488700        0.0           1.0
2018-09-07  1938.709961  1975.199951  1937.349976      ...        4892600        0.0           1.0
2018-09-10  1971.000000  1973.040039  1931.520020      ...        4544800        0.0           1.0
2018-09-11  1928.270020  1988.880005  1917.000000      ...        5033600        0.0           1.0
2018-09-12  1994.000000  2000.000000  1962.439941      ...        4414000        0.0           1.0
2018-09-13  2000.000000  2008.760010  1982.030029      ...        3621500        0.0           1.0
2018-09-14  1992.930054  1993.650024  1959.219971      ...        3642000        0.0           1.0
2018-09-17  1954.729980  1956.819946  1887.410034      ...        7050200        0.0           1.0
2018-09-18  1918.650024  1958.199951  1915.439941      ...        4268700        0.0           1.0
2018-09-19  1940.500000  1940.829956  1904.900024      ...        4056800        0.0           1.0
2018-09-20  1938.579956  1955.000000  1932.250000      ...        3154900        0.0           1.0
2018-09-21  1954.219971  1957.310059  1910.500000      ...        6855900        0.0           1.0
2018-09-24  1903.790039  1936.880005  1865.000000      ...        4213700        0.0           1.0
2018-09-25  1942.900024  1975.910034  1938.849976      ...        4538400        0.0           1.0
2018-09-26  1968.500000  1995.250000  1961.520020      ...        4313500        0.0           1.0
2018-09-27  1993.239990  2016.160034  1988.579956      ...        4329400        0.0           1.0
2018-09-28  2004.410034  2026.520020  1996.459961      ...        4085100        0.0           1.0
2018-10-01  2021.989990  2033.189941  2003.599976      ...        3460500        0.0           1.0
2018-10-02  1999.989990  2013.390015  1965.770020      ...        5400700        0.0           1.0
2018-10-03  1981.699951  1989.699951  1949.810059      ...        5253100        0.0           1.0
2018-10-04  1949.000000  1956.000000  1896.569946      ...        7257000        0.0           1.0
2018-10-05  1917.989990  1929.079956  1862.829956      ...        6822300        0.0           1.0
2018-10-08  1874.000000  1902.000000  1830.660034      ...        7393200        0.0           1.0
2018-10-09  1859.989990  1896.680054  1852.319946      ...        4772900        0.0           1.0
2018-10-10  1857.890015  1858.560059  1754.410034      ...       10988900        0.0           1.0
2018-10-11  1724.000000  1755.400024  1685.099976      ...       13935900        0.0           1.0
2018-10-12  1808.000000  1808.949951  1742.530029      ...        9408900        0.0           1.0

[58 rows x 8 columns]