                   Open         High          Low      ...        Volume  Dividends  Stock Splits
Date                                                   ...                                       
2018-07-24  1262.589966  1266.000000  1235.560059      ...       3318200        0.0           1.0
2018-07-25  1239.130005  1265.859985  1239.130005      ...       2127800        0.0           1.0
2018-07-26  1251.000000  1269.770996  1249.020020      ...       2405600        0.0           1.0
2018-07-27  1271.000000  1273.890015  1231.000000      ...       2130600        0.0           1.0
2018-07-30  1228.010010  1234.916016  1211.469971      ...       1849900        0.0           1.0
2018-07-31  1220.010010  1227.588013  1205.599976      ...       1644700        0.0           1.0
2018-08-01  1228.000000  1233.469971  1210.209961      ...       1567200        0.0           1.0
2018-08-02  1205.900024  1229.880005  1204.790039      ...       1531300        0.0           1.0
2018-08-03  1229.619995  1230.000000  1215.060059      ...       1089600        0.0           1.0
2018-08-06  1225.000000  1226.088013  1215.796997      ...       1081700        0.0           1.0
2018-08-07  1237.000000  1251.170044  1236.170044      ...       1494000        0.0           1.0
2018-08-08  1240.469971  1256.500000  1238.008057      ...       1370300        0.0           1.0
2018-08-09  1249.900024  1255.541992  1246.010010      ...        841800        0.0           1.0
2018-08-10  1243.000000  1245.694946  1232.000000      ...       1108700        0.0           1.0
2018-08-13  1236.979980  1249.272949  1233.640991      ...        958100        0.0           1.0
2018-08-14  1235.189941  1245.869995  1225.109985      ...       1348100        0.0           1.0
2018-08-15  1229.260010  1235.239990  1209.510010      ...       1828800        0.0           1.0
2018-08-16  1224.729980  1226.000000  1202.550049      ...       1343200        0.0           1.0
2018-08-17  1202.030029  1209.020020  1188.239990      ...       1389600        0.0           1.0
2018-08-20  1205.020020  1211.000000  1194.625977      ...        870800        0.0           1.0
2018-08-21  1208.000000  1217.260010  1200.354004      ...       1205600        0.0           1.0
2018-08-22  1200.000000  1211.839966  1199.000000      ...        887400        0.0           1.0
2018-08-23  1207.140015  1221.280029  1204.239990      ...        992600        0.0           1.0
2018-08-24  1208.819946  1221.650024  1206.359009      ...        946600        0.0           1.0
2018-08-27  1227.599976  1243.089966  1225.715942      ...       1156300        0.0           1.0
2018-08-28  1241.290039  1242.545044  1228.689941      ...       1304000        0.0           1.0
2018-08-29  1237.449951  1250.660034  1236.359009      ...       1298900        0.0           1.0
2018-08-30  1244.229980  1253.635010  1232.589966      ...       1331400        0.0           1.0
2018-08-31  1234.979980  1238.660034  1211.285034      ...       1816400        0.0           1.0
2018-09-04  1204.270020  1212.989990  1192.500000      ...       1831000        0.0           1.0
2018-09-05  1193.800049  1199.010010  1162.000000      ...       2061300        0.0           1.0
2018-09-06  1186.300049  1186.300049  1152.000000      ...       1888500        0.0           1.0
2018-09-07  1158.670044  1175.260010  1157.214966      ...       1401300        0.0           1.0
2018-09-10  1172.189941  1174.540039  1160.109985      ...       1115400        0.0           1.0
2018-09-11  1161.630005  1178.680054  1156.239990      ...       1209300        0.0           1.0
2018-09-12  1172.719971  1178.609985  1158.359985      ...       1295500        0.0           1.0
2018-09-13  1170.739990  1178.609985  1162.849976      ...       1431200        0.0           1.0
2018-09-14  1179.099976  1180.425049  1168.329956      ...        944000        0.0           1.0
2018-09-17  1170.140015  1177.239990  1154.030029      ...       1306500        0.0           1.0
2018-09-18  1157.089966  1176.079956  1157.089966      ...       1203600        0.0           1.0
2018-09-19  1164.979980  1173.209961  1154.579956      ...       1191400        0.0           1.0
2018-09-20  1179.989990  1189.890015  1173.359985      ...       1210000        0.0           1.0
2018-09-21  1192.000000  1192.209961  1166.040039      ...       4405600        0.0           1.0
2018-09-24  1157.170044  1178.000000  1146.910034      ...       1271000        0.0           1.0
2018-09-25  1176.150024  1186.880005  1168.000000      ...        977700        0.0           1.0
2018-09-26  1185.150024  1194.229980  1174.765015      ...       1462300        0.0           1.0
2018-09-27  1186.729980  1202.099976  1183.630005      ...       1260800        0.0           1.0
2018-09-28  1191.869995  1195.410034  1184.500000      ...       1380600        0.0           1.0
2018-10-01  1199.890015  1209.900024  1190.300049      ...       1357600        0.0           1.0
2018-10-02  1190.959961  1209.959961  1186.630005      ...       1687900        0.0           1.0
2018-10-03  1205.000000  1206.410034  1193.829956      ...       1256200        0.0           1.0
2018-10-04  1195.329956  1197.510010  1155.576050      ...       2209500        0.0           1.0
2018-10-05  1167.500000  1173.500000  1145.119995      ...       1184300        0.0           1.0
2018-10-08  1150.109985  1168.000000  1127.364014      ...       1932400        0.0           1.0
2018-10-09  1146.150024  1154.349976  1137.572021      ...       1308700        0.0           1.0
2018-10-10  1131.079956  1132.170044  1081.130005      ...       2675700        0.0           1.0
2018-10-11  1072.939941  1106.400024  1068.270020      ...       2949000        0.0           1.0
2018-10-12  1108.000000  1115.000000  1086.401978      ...       2054300        0.0           1.0

[58 rows x 8 columns]